0.0,3.0,0.04,Terry Gross
3.0,3.0,0.0,Terry Gross
6.0,3.0,0.0,Terry Gross
9.0,3.0,0.0,Terry Gross
12.0,3.0,0.0196078431373,Terry Gross
15.0,3.0,0.0,Terry Gross
18.0,3.0,0.0,Terry Gross
21.0,3.0,0.0,Terry Gross
24.0,3.0,0.0,Terry Gross
27.0,3.0,0.0208333333333,Terry Gross
30.0,3.0,0.027027027027,Terry Gross
33.0,3.0,0.0,Terry Gross
36.0,3.0,0.0,Terry Gross
39.0,3.0,0.0,Terry Gross
42.0,3.0,0.0,Terry Gross
45.0,3.0,0.0,Terry Gross
48.0,3.0,0.0,Terry Gross
51.0,3.0,0.0,Terry Gross
54.0,3.0,0.0,Terry Gross
57.0,3.0,0.0,Terry Gross
60.0,3.0,0.0,Terry Gross
63.0,3.0,0.0,Terry Gross
66.0,3.0,0.0,Terry Gross
69.0,3.0,0.0512820512821,Terry Gross
72.0,3.0,0.0,Terry Gross
75.0,3.0,0.185185185185,Terry Gross
78.0,3.0,0.0350877192982,Terry Gross
81.0,3.0,0.0243902439024,Terry Gross
84.0,3.0,0.0545454545455,Terry Gross
87.0,3.0,0.0512820512821,Terry Gross
90.0,3.0,0.025,Terry Gross
93.0,3.0,0.0540540540541,Terry Gross
96.0,3.0,0.0,Terry Gross
99.0,3.0,0.0,Terry Gross
102.0,3.0,0.1,Terry Gross
105.0,3.0,0.0,Terry Gross
108.0,3.0,0.0526315789474,Terry Gross
111.0,3.0,0.0232558139535,Terry Gross
114.0,3.0,0.0192307692308,Terry Gross
117.0,3.0,0.0294117647059,Terry Gross
120.0,3.0,0.0869565217391,Terry Gross
123.0,3.0,0.0588235294118,Terry Gross
126.0,3.0,0.0,Terry Gross
129.0,3.0,0.0961538461538,Terry Gross
132.0,3.0,0.0487804878049,Terry Gross
135.0,3.0,0.108108108108,Terry Gross
138.0,3.0,0.0967741935484,Terry Gross
141.0,3.0,0.114285714286,Terry Gross
144.0,3.0,0.0217391304348,Terry Gross
147.0,3.0,0.0,Terry Gross
150.0,3.0,0.0,Terry Gross
153.0,3.0,0.0566037735849,Terry Gross
156.0,3.0,0.0338983050847,Terry Gross
159.0,3.0,0.0571428571429,Terry Gross
162.0,3.0,0.1,Terry Gross
165.0,3.0,0.030303030303,Terry Gross
168.0,3.0,0.0425531914894,Terry Gross
171.0,3.0,0.04,Terry Gross
174.0,3.0,0.0277777777778,Terry Gross
177.0,3.0,0.25,Terry Gross
180.0,3.0,0.325581395349,Terry Gross
183.0,3.0,0.228571428571,Terry Gross
186.0,3.0,0.4,Terry Gross
189.0,3.0,0.196078431373,Terry Gross
192.0,3.0,0.142857142857,Terry Gross
195.0,3.0,0.326530612245,Terry Gross
198.0,3.0,0.609756097561,Terry Gross
201.0,3.0,0.117647058824,Terry Gross
204.0,3.0,0.384615384615,Terry Gross
207.0,3.0,0.606060606061,Terry Gross
210.0,3.0,0.393939393939,Terry Gross
213.0,3.0,0.243243243243,Terry Gross
216.0,3.0,0.108108108108,Terry Gross
219.0,3.0,0.147058823529,Terry Gross
222.0,3.0,0.2,Terry Gross
225.0,3.0,0.372093023256,Terry Gross
228.0,3.0,0.175,Terry Gross
231.0,3.0,0.441176470588,Terry Gross
234.0,3.0,0.357142857143,Terry Gross
237.0,3.0,0.259259259259,Terry Gross
240.0,3.0,0.162162162162,Terry Gross
243.0,3.0,0.484848484848,Terry Gross
246.0,3.0,0.392857142857,Terry Gross
249.0,3.0,0.205128205128,Terry Gross
252.0,3.0,0.2,Terry Gross
255.0,3.0,0.289473684211,Terry Gross
258.0,3.0,0.292682926829,Terry Gross
261.0,3.0,0.225806451613,Terry Gross
264.0,3.0,0.0909090909091,Terry Gross
267.0,3.0,0.414634146341,Terry Gross
270.0,3.0,0.0,Terry Gross
273.0,3.0,0.09375,Terry Gross
276.0,3.0,0.333333333333,Terry Gross
279.0,3.0,0.285714285714,Terry Gross
282.0,3.0,0.547619047619,Terry Gross
285.0,3.0,0.46875,Terry Gross
288.0,3.0,0.487804878049,Terry Gross
291.0,3.0,0.448275862069,Terry Gross
294.0,3.0,0.5,Terry Gross
297.0,3.0,0.409090909091,Terry Gross
300.0,3.0,0.416666666667,Terry Gross
303.0,3.0,0.16,Terry Gross
306.0,3.0,0.416666666667,Terry Gross
309.0,3.0,0.115384615385,Terry Gross
312.0,3.0,0.208333333333,Terry Gross
315.0,3.0,0.173913043478,Terry Gross
318.0,3.0,0.214285714286,Terry Gross
321.0,3.0,0.0857142857143,Terry Gross
324.0,3.0,0.12,Terry Gross
327.0,3.0,0.216216216216,Terry Gross
330.0,3.0,0.0625,Terry Gross
333.0,3.0,0.1,Terry Gross
336.0,3.0,0.1875,Terry Gross
339.0,3.0,0.233333333333,Terry Gross
342.0,3.0,0.2,Terry Gross
345.0,3.0,0.037037037037,Terry Gross
348.0,3.0,0.40625,Terry Gross
351.0,3.0,0.425925925926,Terry Gross
354.0,3.0,0.302325581395,Terry Gross
357.0,3.0,0.487179487179,Terry Gross
360.0,3.0,0.313725490196,Terry Gross
363.0,3.0,0.555555555556,Terry Gross
366.0,3.0,0.172413793103,Terry Gross
369.0,3.0,0.380952380952,Terry Gross
372.0,3.0,0.447368421053,Terry Gross
375.0,3.0,0.212121212121,Terry Gross
378.0,3.0,0.142857142857,Terry Gross
381.0,3.0,0.115384615385,Terry Gross
384.0,3.0,0.203703703704,Terry Gross
387.0,3.0,0.108108108108,Terry Gross
390.0,3.0,0.0666666666667,Terry Gross
393.0,3.0,0.378378378378,Terry Gross
396.0,3.0,0.179487179487,Terry Gross
399.0,3.0,0.171428571429,Terry Gross
402.0,3.0,0.285714285714,Terry Gross
405.0,3.0,0.341463414634,Terry Gross
408.0,3.0,0.1,Terry Gross
411.0,3.0,0.0833333333333,Terry Gross
414.0,3.0,0.0857142857143,Terry Gross
417.0,3.0,0.258064516129,Terry Gross
420.0,3.0,0.0588235294118,Terry Gross
423.0,3.0,0.244444444444,Terry Gross
426.0,3.0,0.119047619048,Terry Gross
429.0,3.0,0.518518518519,Terry Gross
432.0,3.0,0.365853658537,Terry Gross
435.0,3.0,0.536585365854,Terry Gross
438.0,3.0,0.181818181818,Terry Gross
441.0,3.0,0.304347826087,Terry Gross
444.0,3.0,0.37037037037,Terry Gross
447.0,3.0,0.405405405405,Terry Gross
450.0,3.0,0.25,Terry Gross
453.0,3.0,0.461538461538,Terry Gross
456.0,3.0,0.645161290323,Terry Gross
459.0,3.0,0.387755102041,Terry Gross
462.0,3.0,0.135135135135,Terry Gross
465.0,3.0,0.0,Terry Gross
468.0,3.0,0.0208333333333,Terry Gross
471.0,3.0,0.27027027027,Terry Gross
474.0,3.0,0.0909090909091,Terry Gross
477.0,3.0,0.0731707317073,Terry Gross
480.0,3.0,0.238095238095,Terry Gross
483.0,3.0,0.135135135135,Terry Gross
486.0,3.0,0.162790697674,Terry Gross
489.0,3.0,0.21875,Terry Gross
492.0,3.0,0.151515151515,Terry Gross
495.0,3.0,0.142857142857,Terry Gross
498.0,3.0,0.0571428571429,Terry Gross
501.0,3.0,0.178571428571,Terry Gross
504.0,3.0,0.185185185185,Terry Gross
507.0,3.0,0.0357142857143,Terry Gross
510.0,3.0,0.318181818182,Terry Gross
513.0,3.0,0.181818181818,Terry Gross
516.0,3.0,0.102040816327,Terry Gross
519.0,3.0,0.279069767442,Terry Gross
522.0,3.0,0.365853658537,Terry Gross
525.0,3.0,0.454545454545,Terry Gross
528.0,3.0,0.279069767442,Terry Gross
531.0,3.0,0.314285714286,Terry Gross
534.0,3.0,0.326530612245,Terry Gross
537.0,3.0,0.342105263158,Terry Gross
540.0,3.0,0.458333333333,Terry Gross
543.0,3.0,0.232558139535,Terry Gross
546.0,3.0,0.294117647059,Terry Gross
549.0,3.0,0.488372093023,Terry Gross
552.0,3.0,0.170212765957,Terry Gross
555.0,3.0,0.302325581395,Terry Gross
558.0,3.0,0.352941176471,Terry Gross
561.0,3.0,0.28,Terry Gross
564.0,3.0,0.0,Terry Gross
567.0,3.0,0.0,Terry Gross
570.0,3.0,0.0384615384615,Terry Gross
573.0,3.0,0.0285714285714,Terry Gross
576.0,3.0,0.0,Terry Gross
579.0,3.0,0.0,Terry Gross
582.0,3.0,0.0,Terry Gross
585.0,3.0,0.0,Terry Gross
588.0,3.0,0.0,Terry Gross
591.0,3.0,0.0,Terry Gross
594.0,3.0,0.0,Terry Gross
597.0,3.0,0.0,Terry Gross
600.0,3.0,0.0,Terry Gross
603.0,3.0,0.0,Terry Gross
606.0,3.0,0.0,Terry Gross
609.0,3.0,0.48275862069,Terry Gross
612.0,3.0,0.185185185185,Terry Gross
615.0,3.0,0.030303030303,Terry Gross
618.0,3.0,0.0,Terry Gross
621.0,3.0,0.0357142857143,Terry Gross
624.0,3.0,0.0526315789474,Terry Gross
627.0,3.0,0.552631578947,Terry Gross
630.0,3.0,0.489361702128,Terry Gross
633.0,3.0,0.130434782609,Terry Gross
636.0,3.0,0.302325581395,Terry Gross
639.0,3.0,0.320754716981,Terry Gross
642.0,3.0,0.340909090909,Terry Gross
645.0,3.0,0.410256410256,Terry Gross
648.0,3.0,0.451612903226,Terry Gross
651.0,3.0,0.121951219512,Terry Gross
654.0,3.0,0.136363636364,Terry Gross
657.0,3.0,0.102564102564,Terry Gross
660.0,3.0,0.146341463415,Terry Gross
663.0,3.0,0.166666666667,Terry Gross
666.0,3.0,0.046511627907,Terry Gross
669.0,3.0,0.0810810810811,Terry Gross
672.0,3.0,0.148148148148,Terry Gross
675.0,3.0,0.093023255814,Terry Gross
678.0,3.0,0.0789473684211,Terry Gross
681.0,3.0,0.117647058824,Terry Gross
684.0,3.0,0.285714285714,Terry Gross
687.0,3.0,0.222222222222,Terry Gross
690.0,3.0,0.142857142857,Terry Gross
693.0,3.0,0.1875,Terry Gross
696.0,3.0,0.307692307692,Terry Gross
699.0,3.0,0.19512195122,Terry Gross
702.0,3.0,0.375,Terry Gross
705.0,3.0,0.0731707317073,Terry Gross
708.0,3.0,0.0,Terry Gross
711.0,3.0,0.0652173913043,Terry Gross
714.0,3.0,0.0810810810811,Terry Gross
717.0,3.0,0.0227272727273,Terry Gross
720.0,3.0,0.15,Terry Gross
723.0,3.0,0.238095238095,Terry Gross
726.0,3.0,0.151515151515,Terry Gross
729.0,3.0,0.228571428571,Terry Gross
732.0,3.0,0.375,Terry Gross
735.0,3.0,0.0,Terry Gross
738.0,3.0,0.0,Terry Gross
741.0,3.0,0.0,Terry Gross
744.0,3.0,0.0,Terry Gross
747.0,3.0,0.0,Terry Gross
750.0,3.0,0.03125,Terry Gross
753.0,3.0,0.0384615384615,Terry Gross
756.0,3.0,0.0,Terry Gross
759.0,3.0,0.0,Terry Gross
762.0,3.0,0.0,Terry Gross
765.0,3.0,0.0,Terry Gross
768.0,3.0,0.0,Terry Gross
771.0,3.0,0.0,Terry Gross
774.0,3.0,0.046511627907,Terry Gross
777.0,3.0,0.233333333333,Terry Gross
780.0,3.0,0.475,Terry Gross
783.0,3.0,0.291666666667,Terry Gross
786.0,3.0,0.302325581395,Terry Gross
789.0,3.0,0.377777777778,Terry Gross
792.0,3.0,0.35,Terry Gross
795.0,3.0,0.0789473684211,Terry Gross
798.0,3.0,0.0434782608696,Terry Gross
801.0,3.0,0.0,Terry Gross
804.0,3.0,0.0222222222222,Terry Gross
807.0,3.0,0.075,Terry Gross
810.0,3.0,0.0697674418605,Terry Gross
813.0,3.0,0.178571428571,Terry Gross
816.0,3.0,0.0689655172414,Terry Gross
819.0,3.0,0.142857142857,Terry Gross
822.0,3.0,0.428571428571,Terry Gross
825.0,3.0,0.321428571429,Terry Gross
828.0,3.0,0.368421052632,Terry Gross
831.0,3.0,0.107142857143,Terry Gross
834.0,3.0,0.235294117647,Terry Gross
837.0,3.0,0.170731707317,Terry Gross
840.0,3.0,0.295454545455,Terry Gross
843.0,3.0,0.133333333333,Terry Gross
846.0,3.0,0.0909090909091,Terry Gross
849.0,3.0,0.228571428571,Terry Gross
852.0,3.0,0.09375,Terry Gross
855.0,3.0,0.155555555556,Terry Gross
858.0,3.0,0.214285714286,Terry Gross
861.0,3.0,0.0,Terry Gross
864.0,3.0,0.121212121212,Terry Gross
867.0,3.0,0.444444444444,Terry Gross
870.0,3.0,0.369565217391,Terry Gross
873.0,3.0,0.357142857143,Terry Gross
876.0,3.0,0.6,Terry Gross
879.0,3.0,0.432432432432,Terry Gross
882.0,3.0,0.439024390244,Terry Gross
885.0,3.0,0.32,Terry Gross
888.0,3.0,0.181818181818,Terry Gross
891.0,3.0,0.178571428571,Terry Gross
894.0,3.0,0.114285714286,Terry Gross
897.0,3.0,0.285714285714,Terry Gross
900.0,3.0,0.145833333333,Terry Gross
903.0,3.0,0.27027027027,Terry Gross
906.0,3.0,0.138888888889,Terry Gross
909.0,3.0,0.105263157895,Terry Gross
912.0,3.0,0.179487179487,Terry Gross
915.0,3.0,0.137931034483,Terry Gross
918.0,3.0,0.464285714286,Terry Gross
921.0,3.0,0.235294117647,Terry Gross
924.0,3.0,0.137931034483,Terry Gross
927.0,3.0,0.322580645161,Terry Gross
930.0,3.0,0.333333333333,Terry Gross
933.0,3.0,0.107142857143,Terry Gross
936.0,3.0,0.225,Terry Gross
939.0,3.0,0.0689655172414,Terry Gross
942.0,3.0,0.0285714285714,Terry Gross
945.0,3.0,0.25641025641,Terry Gross
948.0,3.0,0.0888888888889,Terry Gross
951.0,3.0,0.575757575758,Terry Gross
954.0,3.0,0.514285714286,Terry Gross
957.0,3.0,0.542857142857,Terry Gross
960.0,3.0,0.0740740740741,Terry Gross
963.0,3.0,0.0952380952381,Terry Gross
966.0,3.0,0.0740740740741,Terry Gross
969.0,3.0,0.288461538462,Terry Gross
972.0,3.0,0.0810810810811,Terry Gross
975.0,3.0,0.189189189189,Terry Gross
978.0,3.0,0.241379310345,Terry Gross
981.0,3.0,0.131578947368,Terry Gross
984.0,3.0,0.0294117647059,Terry Gross
987.0,3.0,0.454545454545,Terry Gross
990.0,3.0,0.297297297297,Terry Gross
993.0,3.0,0.28,Terry Gross
996.0,3.0,0.255813953488,Terry Gross
999.0,3.0,0.111111111111,Terry Gross
1002.0,3.0,0.363636363636,Terry Gross
1005.0,3.0,0.229166666667,Terry Gross
1008.0,3.0,0.294117647059,Terry Gross
1011.0,3.0,0.243902439024,Terry Gross
1014.0,3.0,0.103448275862,Terry Gross
1017.0,3.0,0.128205128205,Terry Gross
1020.0,3.0,0.107142857143,Terry Gross
1023.0,3.0,0.0769230769231,Terry Gross
1026.0,3.0,0.08,Terry Gross
1029.0,3.0,0.423076923077,Terry Gross
1032.0,3.0,0.380952380952,Terry Gross
1035.0,3.0,0.153846153846,Terry Gross
1038.0,3.0,0.378378378378,Terry Gross
1041.0,3.0,0.125,Terry Gross
1044.0,3.0,0.161290322581,Terry Gross
1047.0,3.0,0.21875,Terry Gross
1050.0,3.0,0.255813953488,Terry Gross
1053.0,3.0,0.545454545455,Terry Gross
1056.0,3.0,0.173913043478,Terry Gross
1059.0,3.0,0.414634146341,Terry Gross
1062.0,3.0,0.30303030303,Terry Gross
1065.0,3.0,0.230769230769,Terry Gross
1068.0,3.0,0.285714285714,Terry Gross
1071.0,3.0,0.227272727273,Terry Gross
1074.0,3.0,0.458333333333,Terry Gross
1077.0,3.0,0.241379310345,Terry Gross
1080.0,3.0,0.260869565217,Terry Gross
1083.0,3.0,0.130434782609,Terry Gross
1086.0,3.0,0.24,Terry Gross
1089.0,3.0,0.239130434783,Terry Gross
1092.0,3.0,0.410256410256,Terry Gross
1095.0,3.0,0.416666666667,Terry Gross
1098.0,3.0,0.192307692308,Terry Gross
1101.0,3.0,0.30303030303,Terry Gross
1104.0,3.0,0.1875,Terry Gross
1107.0,3.0,0.333333333333,Terry Gross
1110.0,3.0,0.181818181818,Terry Gross
1113.0,3.0,0.137931034483,Terry Gross
1116.0,3.0,0.0975609756098,Terry Gross
1119.0,3.0,0.12,Terry Gross
1122.0,3.0,0.4,Terry Gross
1125.0,3.0,0.212121212121,Terry Gross
1128.0,3.0,0.151515151515,Terry Gross
1131.0,3.0,0.037037037037,Terry Gross
1134.0,3.0,0.0789473684211,Terry Gross
1137.0,3.0,0.555555555556,Terry Gross
1140.0,3.0,0.25,Terry Gross
1143.0,3.0,0.0,Terry Gross
1146.0,3.0,0.0526315789474,Terry Gross
1149.0,3.0,0.16,Terry Gross
1152.0,3.0,0.25641025641,Terry Gross
1155.0,3.0,0.5,Terry Gross
1158.0,3.0,0.411764705882,Terry Gross
1161.0,3.0,0.194444444444,Terry Gross
1164.0,3.0,0.161290322581,Terry Gross
1167.0,3.0,0.27027027027,Terry Gross
1170.0,3.0,0.0487804878049,Terry Gross
1173.0,3.0,0.266666666667,Terry Gross
1176.0,3.0,0.177777777778,Terry Gross
1179.0,3.0,0.09375,Terry Gross
1182.0,3.0,0.142857142857,Terry Gross
1185.0,3.0,0.205128205128,Terry Gross
1188.0,3.0,0.243243243243,Terry Gross
1191.0,3.0,0.0833333333333,Terry Gross
1194.0,3.0,0.0952380952381,Terry Gross
1197.0,3.0,0.0909090909091,Terry Gross
1200.0,3.0,0.0,Terry Gross
1203.0,3.0,0.581818181818,Terry Gross
1206.0,3.0,0.46875,Terry Gross
1209.0,3.0,0.375,Terry Gross
1212.0,3.0,0.272727272727,Terry Gross
1215.0,3.0,0.318181818182,Terry Gross
1218.0,3.0,0.137931034483,Terry Gross
1221.0,3.0,0.266666666667,Terry Gross
1224.0,3.0,0.129032258065,Terry Gross
1227.0,3.0,0.333333333333,Terry Gross
1230.0,3.0,0.0,Terry Gross
1233.0,3.0,0.24,Terry Gross
1236.0,3.0,0.333333333333,Terry Gross
1239.0,3.0,0.0625,Terry Gross
1242.0,3.0,0.142857142857,Terry Gross
1245.0,3.0,0.210526315789,Terry Gross
1248.0,3.0,0.15,Terry Gross
1251.0,3.0,0.275,Terry Gross
1254.0,3.0,0.363636363636,Terry Gross
1257.0,3.0,0.15,Terry Gross
1260.0,3.0,0.15625,Terry Gross
1263.0,3.0,0.0909090909091,Terry Gross
1266.0,3.0,0.243902439024,Terry Gross
1269.0,3.0,0.131578947368,Terry Gross
1272.0,3.0,0.272727272727,Terry Gross
1275.0,3.0,0.275,Terry Gross
1278.0,3.0,0.279069767442,Terry Gross
1281.0,3.0,0.0769230769231,Terry Gross
1284.0,3.0,0.428571428571,Terry Gross
1287.0,3.0,0.108695652174,Terry Gross
1290.0,3.0,0.153846153846,Terry Gross
1293.0,3.0,0.428571428571,Terry Gross
1296.0,3.0,0.291666666667,Terry Gross
1299.0,3.0,0.0,Terry Gross
1302.0,3.0,0.0,Terry Gross
1305.0,3.0,0.0,Terry Gross
1308.0,3.0,0.0,Terry Gross
1311.0,3.0,0.0,Terry Gross
1314.0,3.0,0.0,Terry Gross
1317.0,3.0,0.04,Terry Gross
1320.0,3.0,0.0892857142857,Terry Gross
1323.0,3.0,0.138888888889,Terry Gross
1326.0,3.0,0.0,Terry Gross
1329.0,3.0,0.0,Terry Gross
1332.0,3.0,0.0,Terry Gross
1335.0,3.0,0.0,Terry Gross
1338.0,3.0,0.0,Terry Gross
1341.0,3.0,0.0,Terry Gross
1344.0,3.0,0.0,Terry Gross
1347.0,3.0,0.0,Terry Gross
1350.0,3.0,0.0,Terry Gross
1353.0,3.0,0.0,Terry Gross
1356.0,3.0,0.0,Terry Gross
1359.0,3.0,0.0,Terry Gross
1362.0,3.0,0.0,Terry Gross
1365.0,3.0,0.0,Terry Gross
1368.0,3.0,0.0,Terry Gross
1371.0,3.0,0.0,Terry Gross
1374.0,3.0,0.0,Terry Gross
1377.0,3.0,0.0204081632653,Terry Gross
1380.0,3.0,0.0454545454545,Terry Gross
1383.0,3.0,0.0,Terry Gross
1386.0,3.0,0.0857142857143,Terry Gross
1389.0,3.0,0.181818181818,Terry Gross
1392.0,3.0,0.0,Terry Gross
1395.0,3.0,0.0526315789474,Terry Gross
1398.0,3.0,0.0833333333333,Terry Gross
1401.0,3.0,0.0243902439024,Terry Gross
1404.0,3.0,0.0857142857143,Terry Gross
1407.0,3.0,0.0571428571429,Terry Gross
1410.0,3.0,0.0,Terry Gross
1413.0,3.0,0.05,Terry Gross
1416.0,3.0,0.027027027027,Terry Gross
1419.0,3.0,0.0,Terry Gross
1422.0,3.0,0.0263157894737,Terry Gross
1425.0,3.0,0.0512820512821,Terry Gross
1428.0,3.0,0.0606060606061,Terry Gross
1431.0,3.0,0.025641025641,Terry Gross
1434.0,3.0,0.0,Terry Gross
1437.0,3.0,0.0,Terry Gross
1440.0,3.0,0.0882352941176,Terry Gross
1443.0,3.0,0.0416666666667,Terry Gross
1446.0,3.0,0.08,Terry Gross
1449.0,3.0,0.0,Terry Gross
1452.0,3.0,0.0769230769231,Terry Gross
1455.0,3.0,0.0,Terry Gross
1458.0,3.0,0.0,Terry Gross
1461.0,3.0,0.0909090909091,Terry Gross
1464.0,3.0,0.0,Terry Gross
1467.0,3.0,0.0333333333333,Terry Gross
1470.0,3.0,0.0,Terry Gross
1473.0,3.0,0.0,Terry Gross
1476.0,3.0,0.1,Terry Gross
1479.0,3.0,0.0,Terry Gross
1482.0,3.0,0.0188679245283,Terry Gross
1485.0,3.0,0.0,Terry Gross
1488.0,3.0,0.0,Terry Gross
1491.0,3.0,0.025641025641,Terry Gross
1494.0,3.0,0.0,Terry Gross
1497.0,3.0,0.0,Terry Gross
1500.0,3.0,0.0,Terry Gross
1503.0,3.0,0.0,Terry Gross
1506.0,3.0,0.0,Terry Gross
1509.0,3.0,0.0,Terry Gross
1512.0,3.0,0.0263157894737,Terry Gross
1515.0,3.0,0.0,Terry Gross
1518.0,3.0,0.037037037037,Terry Gross
1521.0,3.0,0.0909090909091,Terry Gross
1524.0,3.0,0.0,Terry Gross
1527.0,3.0,0.0,Terry Gross
1530.0,3.0,0.0,Terry Gross
1533.0,3.0,0.0434782608696,Terry Gross
1536.0,3.0,0.0,Terry Gross
1539.0,3.0,0.0,Terry Gross
1542.0,3.0,0.0277777777778,Terry Gross
1545.0,3.0,0.0588235294118,Terry Gross
1548.0,3.0,0.0909090909091,Terry Gross
1551.0,3.0,0.05,Terry Gross
1554.0,3.0,0.0,Terry Gross
1557.0,3.0,0.0,Terry Gross
1560.0,3.0,0.0,Terry Gross
1563.0,3.0,0.0,Terry Gross
1566.0,3.0,0.0,Terry Gross
1569.0,3.0,0.0,Terry Gross
1572.0,3.0,0.0,Terry Gross
1575.0,3.0,0.0243902439024,Terry Gross
1578.0,3.0,0.0,Terry Gross
1581.0,3.0,0.0,Terry Gross
1584.0,3.0,0.0,Terry Gross
1587.0,3.0,0.0344827586207,Terry Gross
1590.0,3.0,0.0,Terry Gross
1593.0,3.0,0.0,Terry Gross
1596.0,3.0,0.0,Terry Gross
1599.0,3.0,0.0,Terry Gross
1602.0,3.0,0.0,Terry Gross
1605.0,3.0,0.0,Terry Gross
1608.0,3.0,0.0285714285714,Terry Gross
1611.0,3.0,0.0,Terry Gross
1614.0,3.0,0.0333333333333,Terry Gross
1617.0,3.0,0.0322580645161,Terry Gross
1620.0,3.0,0.0,Terry Gross
1623.0,3.0,0.0263157894737,Terry Gross
1626.0,3.0,0.0,Terry Gross
1629.0,3.0,0.0,Terry Gross
1632.0,3.0,0.0,Terry Gross
1635.0,3.0,0.0,Terry Gross
1638.0,3.0,0.0238095238095,Terry Gross
1641.0,3.0,0.0,Terry Gross
1644.0,3.0,0.0,Terry Gross
1647.0,3.0,0.0238095238095,Terry Gross
1650.0,3.0,0.0,Terry Gross
1653.0,3.0,0.0,Terry Gross
1656.0,3.0,0.0416666666667,Terry Gross
1659.0,3.0,0.0,Terry Gross
1662.0,3.0,0.0285714285714,Terry Gross
1665.0,3.0,0.0606060606061,Terry Gross
1668.0,3.0,0.0,Terry Gross
1671.0,3.0,0.0540540540541,Terry Gross
1674.0,3.0,0.025641025641,Terry Gross
1677.0,3.0,0.0,Terry Gross
1680.0,3.0,0.0,Terry Gross
1683.0,3.0,0.046511627907,Terry Gross
1686.0,3.0,0.0425531914894,Terry Gross
1689.0,3.0,0.0,Terry Gross
1692.0,3.0,0.0,Terry Gross
1695.0,3.0,0.0,Terry Gross
1698.0,3.0,0.0,Terry Gross
1701.0,3.0,0.0,Terry Gross
1704.0,3.0,0.0,Terry Gross
1707.0,3.0,0.0,Terry Gross
1710.0,3.0,0.0,Terry Gross
1713.0,3.0,0.0294117647059,Terry Gross
1716.0,3.0,0.0,Terry Gross
1719.0,3.0,0.0,Terry Gross
1722.0,3.0,0.0,Terry Gross
1725.0,3.0,0.0,Terry Gross
1728.0,3.0,0.0606060606061,Terry Gross
1731.0,3.0,0.0285714285714,Terry Gross
1734.0,3.0,0.0243902439024,Terry Gross
1737.0,3.0,0.0,Terry Gross
1740.0,3.0,0.0,Terry Gross
1743.0,3.0,0.0,Terry Gross
1746.0,3.0,0.0,Terry Gross
1749.0,3.0,0.0,Terry Gross
1752.0,3.0,0.0344827586207,Terry Gross
1755.0,3.0,0.0196078431373,Terry Gross
1758.0,3.0,0.0,Terry Gross
1761.0,3.0,0.0,Terry Gross
1764.0,3.0,0.0,Terry Gross
1767.0,3.0,0.0,Terry Gross
1770.0,3.0,0.0192307692308,Terry Gross
1773.0,3.0,0.0,Terry Gross
1776.0,3.0,0.0212765957447,Terry Gross
1779.0,3.0,0.0192307692308,Terry Gross
1782.0,3.0,0.0,Terry Gross
1785.0,3.0,0.384615384615,Terry Gross
1788.0,3.0,0.404761904762,Terry Gross
1791.0,3.0,0.288888888889,Terry Gross
1794.0,3.0,0.282051282051,Terry Gross
1797.0,3.0,0.297297297297,Terry Gross
1800.0,3.0,0.28,Terry Gross
1803.0,3.0,0.291666666667,Terry Gross
1806.0,3.0,0.413793103448,Terry Gross
1809.0,3.0,0.581395348837,Terry Gross
1812.0,3.0,0.285714285714,Terry Gross
1815.0,3.0,0.477272727273,Terry Gross
1818.0,3.0,0.5,Terry Gross
1821.0,3.0,0.0,Terry Gross
1824.0,3.0,0.0,Terry Gross
1827.0,3.0,0.0,Terry Gross
1830.0,3.0,0.0,Terry Gross
1833.0,3.0,0.0,Terry Gross
1836.0,3.0,0.0,Terry Gross
1839.0,3.0,0.0,Terry Gross
1842.0,3.0,0.0,Terry Gross
1845.0,3.0,0.0,Terry Gross
1848.0,3.0,0.0,Terry Gross
1851.0,3.0,0.030303030303,Terry Gross
1854.0,3.0,0.0,Terry Gross
1857.0,3.0,0.0,Terry Gross
1860.0,3.0,0.0,Terry Gross
1863.0,3.0,0.0,Terry Gross
1866.0,3.0,0.0769230769231,Terry Gross
1869.0,3.0,0.0,Terry Gross
1872.0,3.0,0.0740740740741,Terry Gross
1875.0,3.0,0.0,Terry Gross
1878.0,3.0,0.0892857142857,Terry Gross
1881.0,3.0,0.0178571428571,Terry Gross
1884.0,3.0,0.0208333333333,Terry Gross
1887.0,3.0,0.0,Terry Gross
1890.0,3.0,0.030303030303,Terry Gross
1893.0,3.0,0.111111111111,Terry Gross
1896.0,3.0,0.0,Terry Gross
1899.0,3.0,0.027027027027,Terry Gross
1902.0,3.0,0.0,Terry Gross
1905.0,3.0,0.0,Terry Gross
1908.0,3.0,0.0,Terry Gross
1911.0,3.0,0.0,Terry Gross
1914.0,3.0,0.0,Terry Gross
1917.0,3.0,0.0,Terry Gross
1920.0,3.0,0.0,Terry Gross
1923.0,3.0,0.0,Terry Gross
1926.0,3.0,0.0555555555556,Terry Gross
1929.0,3.0,0.0,Terry Gross
1932.0,3.0,0.0,Terry Gross
1935.0,3.0,0.0,Terry Gross
1938.0,3.0,0.0294117647059,Terry Gross
1941.0,3.0,0.0,Terry Gross
1944.0,3.0,0.0,Terry Gross
1947.0,3.0,0.0357142857143,Terry Gross
1950.0,3.0,0.0,Terry Gross
1953.0,3.0,0.0,Terry Gross
1956.0,3.0,0.0,Terry Gross
1959.0,3.0,0.0,Terry Gross
1962.0,3.0,0.0625,Terry Gross
1965.0,3.0,0.0,Terry Gross
1968.0,3.0,0.0,Terry Gross
1971.0,3.0,0.0,Terry Gross
1974.0,3.0,0.0232558139535,Terry Gross
1977.0,3.0,0.0,Terry Gross
1980.0,3.0,0.0408163265306,Terry Gross
1983.0,3.0,0.0,Terry Gross
1986.0,3.0,0.047619047619,Terry Gross
1989.0,3.0,0.0,Terry Gross
1992.0,3.0,0.0,Terry Gross
1995.0,3.0,0.0,Terry Gross
1998.0,3.0,0.0,Terry Gross
2001.0,3.0,0.0,Terry Gross
2004.0,3.0,0.0,Terry Gross
2007.0,3.0,0.0,Terry Gross
2010.0,3.0,0.030303030303,Terry Gross
2013.0,3.0,0.0,Terry Gross
2016.0,3.0,0.0,Terry Gross
2019.0,3.0,0.0454545454545,Terry Gross
2022.0,3.0,0.03125,Terry Gross
2025.0,3.0,0.0,Terry Gross
2028.0,3.0,0.0,Terry Gross
2031.0,3.0,0.0,Terry Gross
2034.0,3.0,0.111111111111,Terry Gross
2037.0,3.0,0.0,Terry Gross
2040.0,3.0,0.0,Terry Gross
2043.0,3.0,0.0,Terry Gross
2046.0,3.0,0.0,Terry Gross
2049.0,3.0,0.0,Terry Gross
2052.0,3.0,0.0232558139535,Terry Gross
2055.0,3.0,0.0952380952381,Terry Gross
2058.0,3.0,0.0,Terry Gross
2061.0,3.0,0.0487804878049,Terry Gross
2064.0,3.0,0.0645161290323,Terry Gross
2067.0,3.0,0.0,Terry Gross
2070.0,3.0,0.075,Terry Gross
2073.0,3.0,0.0,Terry Gross
2076.0,3.0,0.0285714285714,Terry Gross
2079.0,3.0,0.0,Terry Gross
2082.0,3.0,0.0,Terry Gross
2085.0,3.0,0.0344827586207,Terry Gross
2088.0,3.0,0.0,Terry Gross
2091.0,3.0,0.0,Terry Gross
2094.0,3.0,0.0,Terry Gross
2097.0,3.0,0.0,Terry Gross
2100.0,3.0,0.0,Terry Gross
2103.0,3.0,0.0,Terry Gross
2106.0,3.0,0.0,Terry Gross
2109.0,3.0,0.0204081632653,Terry Gross
2112.0,3.0,0.0,Terry Gross
2115.0,3.0,0.0,Terry Gross
2118.0,3.0,0.025,Terry Gross
2121.0,3.0,0.04,Terry Gross
2124.0,3.0,0.0454545454545,Terry Gross
2127.0,3.0,0.0,Terry Gross
2130.0,3.0,0.0181818181818,Terry Gross
2133.0,3.0,0.0,Terry Gross
2136.0,3.0,0.037037037037,Terry Gross
2139.0,3.0,0.0,Terry Gross
2142.0,3.0,0.0384615384615,Terry Gross
2145.0,3.0,0.0,Terry Gross
2148.0,3.0,0.0555555555556,Terry Gross
2151.0,3.0,0.0,Terry Gross
2154.0,3.0,0.0,Terry Gross
2157.0,3.0,0.0217391304348,Terry Gross
2160.0,3.0,0.0,Terry Gross
2163.0,3.0,0.0192307692308,Terry Gross
2166.0,3.0,0.0208333333333,Terry Gross
2169.0,3.0,0.0,Terry Gross
2172.0,3.0,0.0416666666667,Terry Gross
2175.0,3.0,0.0,Terry Gross
2178.0,3.0,0.0,Terry Gross
2181.0,3.0,0.0,Terry Gross
2184.0,3.0,0.0,Terry Gross
2187.0,3.0,0.0740740740741,Terry Gross
2190.0,3.0,0.078431372549,Terry Gross
2193.0,3.0,0.0769230769231,Terry Gross
2196.0,3.0,0.030303030303,Terry Gross
2199.0,3.0,0.0,Terry Gross
2202.0,3.0,0.0,Terry Gross
2205.0,3.0,0.0,Terry Gross
2208.0,3.0,0.0238095238095,Terry Gross
2211.0,3.0,0.0,Terry Gross
2214.0,3.0,0.0,Terry Gross
2217.0,3.0,0.0,Terry Gross
2220.0,3.0,0.0,Terry Gross
2223.0,3.0,0.0192307692308,Terry Gross
2226.0,3.0,0.0,Terry Gross
2229.0,3.0,0.0,Terry Gross
2232.0,3.0,0.0,Terry Gross
2235.0,3.0,0.0,Terry Gross
2238.0,3.0,0.0,Terry Gross
2241.0,3.0,0.0,Terry Gross
2244.0,3.0,0.0344827586207,Terry Gross
2247.0,3.0,0.0,Terry Gross
2250.0,3.0,0.0,Terry Gross
2253.0,3.0,0.0294117647059,Terry Gross
2256.0,3.0,0.0,Terry Gross
2259.0,3.0,0.0,Terry Gross
2262.0,3.0,0.0,Terry Gross
2265.0,3.0,0.0,Terry Gross
2268.0,3.0,0.0,Terry Gross
2271.0,3.0,0.0,Terry Gross
2274.0,3.0,0.0,Terry Gross
2277.0,3.0,0.0,Terry Gross
2280.0,3.0,0.0,Terry Gross
2283.0,3.0,0.0,Terry Gross
2286.0,3.0,0.0,Terry Gross
2289.0,3.0,0.0,Terry Gross
2292.0,3.0,0.0,Terry Gross
2295.0,3.0,0.0,Terry Gross
2298.0,3.0,0.0,Terry Gross
2301.0,3.0,0.0,Terry Gross
2304.0,3.0,0.047619047619,Terry Gross
2307.0,3.0,0.0,Terry Gross
2310.0,3.0,0.0238095238095,Terry Gross
2313.0,3.0,0.0,Terry Gross
2316.0,3.0,0.0,Terry Gross
2319.0,3.0,0.0444444444444,Terry Gross
2322.0,3.0,0.0,Terry Gross
2325.0,3.0,0.0,Terry Gross
2328.0,3.0,0.0,Terry Gross
2331.0,3.0,0.0285714285714,Terry Gross
2334.0,3.0,0.0,Terry Gross
2337.0,3.0,0.0357142857143,Terry Gross
2340.0,3.0,0.030303030303,Terry Gross
2343.0,3.0,0.04,Terry Gross
2346.0,3.0,0.0,Terry Gross
2349.0,3.0,0.030303030303,Terry Gross
2352.0,3.0,0.0,Terry Gross
2355.0,3.0,0.0,Terry Gross
2358.0,3.0,0.0,Terry Gross
2361.0,3.0,0.0,Terry Gross
2364.0,3.0,0.0238095238095,Terry Gross
2367.0,3.0,0.0,Terry Gross
2370.0,3.0,0.0,Terry Gross
2373.0,3.0,0.0,Terry Gross
2376.0,3.0,0.0,Terry Gross
2379.0,3.0,0.0,Terry Gross
2382.0,3.0,0.0322580645161,Terry Gross
2385.0,3.0,0.0384615384615,Terry Gross
2388.0,3.0,0.0416666666667,Terry Gross
2391.0,3.0,0.0,Terry Gross
2394.0,3.0,0.047619047619,Terry Gross
2397.0,3.0,0.117647058824,Terry Gross
2400.0,3.0,0.0,Terry Gross
2403.0,3.0,0.0,Terry Gross
2406.0,3.0,0.0,Terry Gross
2409.0,3.0,0.0232558139535,Terry Gross
2412.0,3.0,0.0,Terry Gross
2415.0,3.0,0.0,Terry Gross
2418.0,3.0,0.0,Terry Gross
2421.0,3.0,0.0294117647059,Terry Gross
2424.0,3.0,0.0,Terry Gross
2427.0,3.0,0.0,Terry Gross
2430.0,3.0,0.0416666666667,Terry Gross
2433.0,3.0,0.0,Terry Gross
2436.0,3.0,0.0,Terry Gross
2439.0,3.0,0.0,Terry Gross
2442.0,3.0,0.0555555555556,Terry Gross
2445.0,3.0,0.0540540540541,Terry Gross
2448.0,3.0,0.0,Terry Gross
2451.0,3.0,0.037037037037,Terry Gross
2454.0,3.0,0.0,Terry Gross
2457.0,3.0,0.0,Terry Gross
2460.0,3.0,0.0,Terry Gross
2463.0,3.0,0.0,Terry Gross
2466.0,3.0,0.0,Terry Gross
2469.0,3.0,0.0,Terry Gross
2472.0,3.0,0.0,Terry Gross
2475.0,3.0,0.0,Terry Gross
2478.0,3.0,0.0,Terry Gross
2481.0,3.0,0.0555555555556,Terry Gross
2484.0,3.0,0.02,Terry Gross
2487.0,3.0,0.027027027027,Terry Gross
2490.0,3.0,0.0,Terry Gross
2493.0,3.0,0.0,Terry Gross
2496.0,3.0,0.0,Terry Gross
2499.0,3.0,0.0,Terry Gross
2502.0,3.0,0.0,Terry Gross
2505.0,3.0,0.0,Terry Gross
2508.0,3.0,0.0,Terry Gross
2511.0,3.0,0.0,Terry Gross
2514.0,3.0,0.0277777777778,Terry Gross
2517.0,3.0,0.0294117647059,Terry Gross
2520.0,3.0,0.0344827586207,Terry Gross
2523.0,3.0,0.0227272727273,Terry Gross
2526.0,3.0,0.0,Terry Gross
2529.0,3.0,0.0,Terry Gross
2532.0,3.0,0.0,Terry Gross
2535.0,3.0,0.0285714285714,Terry Gross
2538.0,3.0,0.0,Terry Gross
2541.0,3.0,0.0,Terry Gross
2544.0,3.0,0.0294117647059,Terry Gross
2547.0,3.0,0.0,Terry Gross
2550.0,3.0,0.0,Terry Gross
2553.0,3.0,0.025641025641,Terry Gross
2556.0,3.0,0.0384615384615,Terry Gross
2559.0,3.0,0.0,Terry Gross
2562.0,3.0,0.0,Terry Gross
2565.0,3.0,0.0,Terry Gross
2568.0,3.0,0.0,Terry Gross
2571.0,3.0,0.0,Terry Gross
2574.0,3.0,0.047619047619,Terry Gross
2577.0,3.0,0.0232558139535,Terry Gross
2580.0,3.0,0.0,Terry Gross
2583.0,3.0,0.037037037037,Terry Gross
2586.0,3.0,0.0,Terry Gross
2589.0,3.0,0.0,Terry Gross
2592.0,3.0,0.0,Terry Gross
2595.0,3.0,0.0,Terry Gross
2598.0,3.0,0.0,Terry Gross
2601.0,3.0,0.0,Terry Gross
2604.0,3.0,0.05,Terry Gross
2607.0,3.0,0.0714285714286,Terry Gross
2610.0,3.0,0.0,Terry Gross
2613.0,3.0,0.0,Terry Gross
2616.0,3.0,0.0,Terry Gross
2619.0,3.0,0.0,Terry Gross
2622.0,3.0,0.0,Terry Gross
2625.0,3.0,0.0,Terry Gross
2628.0,3.0,0.0,Terry Gross
2631.0,3.0,0.0408163265306,Terry Gross
2634.0,3.0,0.0,Terry Gross
2637.0,3.0,0.0,Terry Gross
2640.0,3.0,0.0,Terry Gross
2643.0,3.0,0.0,Terry Gross
2646.0,3.0,0.0,Terry Gross
2649.0,3.0,0.0,Terry Gross
2652.0,3.0,0.0,Terry Gross
2655.0,3.0,0.0,Terry Gross
2658.0,3.0,0.0,Terry Gross
2661.0,3.0,0.0,Terry Gross
2664.0,3.0,0.0,Terry Gross
2667.0,3.0,0.0,Terry Gross
2670.0,3.0,0.0,Terry Gross
2673.0,3.0,0.0243902439024,Terry Gross
2676.0,3.0,0.0,Terry Gross
2679.0,3.0,0.0,Terry Gross
2682.0,3.0,0.0,Terry Gross
2685.0,3.0,0.0243902439024,Terry Gross
2688.0,3.0,0.0,Terry Gross
2691.0,3.0,0.0222222222222,Terry Gross
2694.0,3.0,0.0,Terry Gross
2697.0,3.0,0.0,Terry Gross
2700.0,3.0,0.0357142857143,Terry Gross
2703.0,3.0,0.030303030303,Terry Gross
2706.0,3.0,0.0,Terry Gross
2709.0,3.0,0.0232558139535,Terry Gross
2712.0,3.0,0.0487804878049,Terry Gross
2715.0,3.0,0.0,Terry Gross
2718.0,3.0,0.0,Terry Gross
2721.0,3.0,0.0,Terry Gross
2724.0,3.0,0.0,Terry Gross
2727.0,3.0,0.0,Terry Gross
2730.0,3.0,0.0,Terry Gross
2733.0,3.0,0.0,Terry Gross
2736.0,3.0,0.0,Terry Gross
2739.0,3.0,0.0,Terry Gross
2742.0,3.0,0.0232558139535,Terry Gross
2745.0,3.0,0.0,Terry Gross
2748.0,3.0,0.0322580645161,Terry Gross
2751.0,3.0,0.0,Terry Gross
2754.0,3.0,0.0,Terry Gross
2757.0,3.0,0.0625,Terry Gross
2760.0,3.0,0.0,Terry Gross
2763.0,3.0,0.0,Terry Gross
2766.0,3.0,0.0,Terry Gross
2769.0,3.0,0.02,Terry Gross
2772.0,3.0,0.0,Terry Gross
2775.0,3.0,0.0,Terry Gross
2778.0,3.0,0.0882352941176,Terry Gross
2781.0,3.0,0.0,Terry Gross
2784.0,3.0,0.0,Terry Gross
2787.0,3.0,0.0,Terry Gross
2790.0,3.0,0.025,Terry Gross
2793.0,3.0,0.0,Terry Gross
2796.0,3.0,0.125,Terry Gross
2799.0,3.0,0.0,Terry Gross
2802.0,3.0,0.0,Terry Gross
2805.0,3.0,0.0444444444444,Terry Gross
2808.0,3.0,0.0,Terry Gross
2811.0,3.0,0.0,Terry Gross
2814.0,3.0,0.0,Terry Gross
2817.0,3.0,0.0277777777778,Terry Gross
2820.0,3.0,0.0263157894737,Terry Gross
2823.0,3.0,0.0625,Terry Gross
2826.0,3.0,0.0294117647059,Terry Gross
2829.0,3.0,0.0,Terry Gross
2832.0,3.0,0.0,Terry Gross
2835.0,3.0,0.0333333333333,Terry Gross
2838.0,3.0,0.0,Terry Gross
2841.0,3.0,0.0217391304348,Terry Gross
2844.0,3.0,0.0,Terry Gross
2847.0,3.0,0.0,Terry Gross
2850.0,3.0,0.0416666666667,Terry Gross
2853.0,3.0,0.0,Terry Gross
2856.0,3.0,0.0,Terry Gross
2859.0,3.0,0.0,Terry Gross
2862.0,3.0,0.0,Terry Gross
2865.0,3.0,0.0,Terry Gross
